   2.0000000e+00  -8.2574204e-01   6.6892546e-02   1.7458504e-01   1.1032614e+00   3.9109547e-01  -5.9397830e-01  -9.2674482e-01  -1.2660541e+00  -6.2909108e-01   2.3694700e-01
   2.0000000e+00   5.8882128e-02   1.7759395e-01  -1.5113017e+00  -4.9080278e-01  -5.3071887e-01  -4.1549860e-01  -8.0455728e-01   1.3559636e-01  -3.8902223e-01   8.1177961e-01
   2.0000000e+00  -5.5497635e-01  -1.8726175e+00  -4.7440061e-01   1.1302710e+00   3.5825621e-01   5.1654614e-01   1.6255475e+00  -1.6655616e+00   3.5496398e-01   2.1990514e+00
   2.0000000e+00  -1.8278957e+00  -3.9849625e-01  -3.1247803e-01   6.3693124e-01   7.2991233e-01  -1.1873908e+00   6.7045656e-01  -1.3499818e+00   1.2037094e+00   5.0596598e-01
   2.0000000e+00   5.7244371e-01  -2.3665222e+00  -7.4157509e-01   9.0599215e-01  -1.1620039e+00  -1.3004598e+00  -5.7100295e-01   2.8010143e-02   7.4670509e-01  -1.3514962e+00
   2.0000000e+00   1.0333440e+00   7.3624783e-01   7.8440114e-01  -1.3333761e+00   2.6387263e+00  -2.0378796e-01   6.5409462e-01   5.9266095e-01  -6.9858693e-01  -1.3631142e+00
   2.0000000e+00   4.5242055e-01  -2.2571442e-01   9.5917721e-01  -7.5255655e-01   2.8157412e-01  -3.4377950e-01   8.9339300e-01   8.2383558e-02  -1.4850090e+00  -4.0821575e-01
   2.0000000e+00  -1.5921727e-01   3.8477314e-01   7.5725356e-01   4.5262402e-01   6.2653032e-01   1.5465491e-01  -9.2988865e-02  -1.2122679e-01  -2.3574896e+00  -1.4359828e-02
   2.0000000e+00   7.0024014e-02  -1.0945567e+00  -3.6060759e-01  -8.9405328e-01   1.7565864e-02  -6.1590249e-01  -1.0518353e+00  -9.6608351e-01  -2.4199453e-01  -9.5884008e-01
   2.0000000e+00   1.2230075e+00   8.6150339e-01  -1.6757421e-01   4.4509278e-02   7.1020884e-01  -2.5433278e-01  -4.2169382e-01   1.0595832e+00  -1.0968559e-02   5.5766446e-01
   2.0000000e+00  -6.0924046e-01   9.1598612e-01   1.5070456e-01   6.8094883e-01   1.1105304e+00   7.2713579e-01   3.5374249e-01  -4.1832041e-02  -7.8375280e-01   3.0539075e-01
   2.0000000e+00  -5.8558973e-01  -8.3007019e-01  -7.7700095e-01   4.9908789e-01  -3.4236378e-01  -8.5378958e-01   5.6943611e-01   1.4617989e-01   1.2611193e+00  -1.6999692e+00
   2.0000000e+00   2.5346129e+00  -2.4645408e+00  -2.9341486e-01   9.6732349e-03  -8.7977232e-01   8.2043730e-01   1.7162935e+00   7.5777788e-01   1.3126418e+00  -2.1545867e-01
   2.0000000e+00  -6.9747888e-01  -2.3743609e-01  -1.3432089e+00  -1.4985475e+00   1.1478454e+00   9.0006061e-01  -3.9291287e-01   3.3689448e-01   2.6929698e+00  -1.2923032e+00
   2.0000000e+00  -1.2215849e+00  -1.5994351e-01   1.2282194e+00   9.5766784e-01  -8.7308167e-01   6.5700648e-02  -1.9408332e+00   2.5920209e-01  -3.1161598e-01  -7.7920057e-01
   2.0000000e+00  -5.8808774e-01  -2.1881454e-01  -5.0204122e-01  -1.5207886e-01  -6.6101169e-01   1.3272058e+00  -1.3359138e+00   2.6898932e-01  -1.3054750e-01   5.8661947e-01
   2.0000000e+00  -2.0663392e+00   3.1538649e-01   5.5712920e-01  -6.9270245e-01  -2.8715483e-01   1.0403624e+00   2.4673534e-01  -2.6016235e-02  -9.5775975e-01  -6.4027034e-01
   1.0000000e+00   1.1977681e+00  -1.9351152e+00   1.1440993e-01   8.7205229e-01  -9.6443021e-01  -9.8517202e-01  -9.2197342e-01   3.7178649e-01   2.0093520e-01  -8.9586486e-01
   2.0000000e+00  -2.9843554e-01  -3.5956013e-02   1.1766471e+00   9.1652815e-02   3.9940510e-01  -5.8104976e-01  -2.4982130e+00  -1.0017074e+00   1.4206443e+00  -3.6316187e-01
   2.0000000e+00  -9.1153832e-01   1.4889426e+00  -7.8055585e-01   4.0074910e-03   2.0121952e-02  -9.8123204e-01   1.7416627e-01   1.0655782e+00  -1.4045906e+00   1.8394756e-01
   1.0000000e+00   3.7307900e-01   2.6833378e-01  -7.2473669e-01  -2.8793243e-01   1.4908356e+00  -5.1217868e-01  -7.3611487e-01   2.3314094e-01   7.9294270e-01  -8.6762725e-01
   2.0000000e+00   7.4134296e-01   2.5160100e+00   7.1378213e-01   5.7782213e-01   1.2372869e+00  -5.6517033e-01  -1.0434780e+00  -2.0519836e-01  -2.1982702e+00   4.8513349e-01
   1.0000000e+00  -1.2030020e+00  -1.8528984e-01   2.4072966e+00  -2.7964623e-01   1.8092104e+00   1.0485149e+00  -1.4495395e+00   1.5470393e+00   1.3884144e-01   3.6225570e-01
   2.0000000e+00  -6.0287359e-01   5.9010850e-01   2.4302218e+00  -8.3238562e-01  -1.5036298e-01   2.1112502e+00  -8.7217746e-01  -5.2476543e-01  -1.5640313e+00   8.7571756e-01
   2.0000000e+00   8.7714378e-01  -4.9669880e-01   3.8455680e-01   7.0994325e-01  -7.5443071e-01   1.4735455e-01   1.2296095e+00   2.3178905e+00  -1.4578657e+00   5.7013425e-01
   2.0000000e+00   1.1746602e+00  -1.2168512e+00  -2.0897153e-01  -5.3914777e-01   7.3098072e-02   6.5151523e-01  -1.9078606e+00  -1.9851554e+00   1.2288501e+00   6.3602739e-01
   2.0000000e+00  -5.9107326e-01   2.5498016e-01   9.4323042e-02   1.2926860e-01   6.5036273e-01  -3.4196816e-01   1.0061070e+00   2.9718876e+00  -9.7659668e-01  -1.8844550e+00
   2.0000000e+00   2.0046346e-01   3.8504054e-01  -1.6520074e-01  -2.2108544e-01  -9.9477061e-02  -3.6993383e-01   6.8139599e-01   1.2273507e+00   1.1251540e+00   1.3668007e-01
   2.0000000e+00  -1.5436002e+00  -6.2790480e-01   3.3684142e-01  -1.5735493e+00   2.7032400e+00  -3.2659136e-01   5.6607164e-01  -1.6446502e+00  -1.6420657e+00  -4.0990284e-01
   2.0000000e+00   3.7693751e-02  -1.9265302e+00  -6.1395929e-01  -7.2284505e-02  -1.2145707e+00   2.8462549e-01  -2.1517918e+00   1.1703405e+00  -1.9919749e+00   1.9482743e-01
   2.0000000e+00  -8.0917405e-01  -1.3929778e+00  -4.1359812e-01   2.3140109e-01  -1.6439896e+00  -1.0799230e+00   1.9445581e+00  -1.4037747e+00   9.1598146e-01  -6.9167991e-02
   2.0000000e+00   9.7684679e-01  -1.1730286e+00  -2.7581348e-01  -4.1814687e-01   3.1665122e-01   1.2712935e+00   2.0985594e+00  -1.2304669e+00  -8.0793119e-01  -2.1036356e+00
   2.0000000e+00  -2.0249400e-01   3.5003376e-01  -5.1863090e-01  -1.3057123e+00  -1.6847851e-01   2.3459419e+00  -9.8679502e-01   5.8593848e-01   7.2418875e-01  -1.3208575e+00
   2.0000000e+00   9.1184124e-01   1.2202760e-02   2.3867527e+00  -8.5871353e-01   1.6702717e+00  -7.2233631e-01  -7.2037432e-01  -6.1097630e-01   1.0004940e+00  -7.6285109e-01
   2.0000000e+00   2.6728000e-01  -1.1820663e-02   1.2757540e+00   9.7953152e-02  -4.2698950e-01   1.1784584e+00   5.4746550e-01  -5.4802619e-01  -5.6220205e-01  -1.1021947e+00
   2.0000000e+00   2.3873655e+00  -8.7712293e-01  -8.8044677e-01  -1.4445024e+00   6.0460141e-01   1.2118361e+00   7.7767078e-01   1.4317185e+00  -2.1601704e+00   6.0808992e-01
   2.0000000e+00  -1.3533163e+00  -5.3483074e-02  -2.7259455e-01   8.4395697e-01   5.8879019e-01   1.3596739e+00  -1.1013432e+00  -2.0905170e+00  -7.5618577e-01  -8.7056159e-01
   2.0000000e+00  -3.1727609e-01  -9.3110440e-01   5.9645374e-02  -7.9786554e-01   1.6758009e+00   6.6458355e-01  -1.5689454e-01   8.7098607e-02  -7.7922970e-01   1.3251945e+00
   2.0000000e+00   1.3466939e+00   1.3715160e+00   6.2363145e-01  -7.2210087e-01  -8.5760534e-02  -1.2840621e+00  -3.9074035e-01  -6.9321529e-01   1.1205970e+00  -6.0565183e-01
   2.0000000e+00  -1.1145134e+00  -1.5827578e+00   1.2366015e+00  -1.0005222e+00  -2.0398928e-01   7.8076896e-01  -1.0154237e+00   1.4922298e-01   4.0894495e-01  -5.4160737e-01
   2.0000000e+00  -1.8314731e+00   2.0291502e-01  -4.7228642e-01   1.3690440e-01  -2.8429422e-01  -6.9257296e-01  -1.5998650e+00   1.4400401e+00  -1.1687074e+00   6.8013721e-01
   1.0000000e+00   7.9568477e-01  -1.6360512e+00   1.7703683e-01  -4.5805590e-01  -1.1052463e+00   2.2927925e-01  -7.8649981e-01  -1.2246708e-01   4.4772796e-01   1.8424117e+00
   2.0000000e+00   1.3888175e+00  -8.5397128e-01   5.4853017e-01   1.9459868e+00  -6.9758259e-01   4.7313896e-01  -1.6523302e+00   4.1990371e-02   5.0947112e-01   2.0863407e-01
   2.0000000e+00  -5.0792688e-01   2.2154112e+00  -1.0955424e+00  -2.5576835e-01  -5.8498520e-01  -9.0249834e-01  -1.2341006e-02   2.7794121e-02  -1.1740732e-01   8.3071173e-01
   1.0000000e+00   5.4389714e-01  -6.9320011e-01  -5.4874537e-02  -3.4184479e-01   1.9082815e-01  -1.4264889e+00   4.2141863e-01  -3.7077400e-02   4.4904398e-02  -6.2740550e-01
   2.0000000e+00  -2.4158295e+00   1.1687604e+00  -7.3132630e-01   2.3098790e+00  -2.5037207e-01   1.4414511e+00  -7.7483442e-01   7.0643059e-01   3.9016973e-01  -1.0764409e+00
   2.0000000e+00  -1.0249754e+00   1.6566366e+00  -6.9745032e-01  -2.4826824e+00  -8.3838369e-01   1.1091104e+00  -8.0024181e-01   4.5657295e-01   1.2927453e+00   8.2790844e-01
   2.0000000e+00   1.9058919e+00  -1.5536673e+00   1.2449801e+00   8.9500941e-01  -2.3839393e+00   1.1412899e+00   7.3619210e-01  -5.2488432e-02  -4.4384663e-01   8.0812718e-01
   2.0000000e+00  -1.0396294e+00   1.7902212e+00  -1.7865004e-01   9.5868174e-01  -9.7956539e-01   1.6630276e-01   2.1656747e+00   1.1817080e+00  -4.2168768e-03  -7.8954335e-01
   2.0000000e+00   5.9543465e-01  -9.5657528e-01  -4.2406751e-01   7.5575217e-01  -6.1254109e-01  -5.1247037e-01  -1.2023922e+00  -7.4897350e-01  -1.7156747e+00  -8.8312194e-01
   2.0000000e+00   2.1279924e+00   4.4344278e-01   5.0976634e-02  -1.5364022e+00   2.8106557e+00  -1.1901148e+00  -6.6160746e-01   3.8013142e-01   6.1413804e-01  -2.1727712e+00
   2.0000000e+00   1.1091020e+00  -1.3211255e+00   2.0891676e-01   4.7464874e-01   7.7276375e-01  -1.0379167e+00   6.3524115e-01  -4.1703234e-01   1.7583146e+00  -1.1160342e+00
   2.0000000e+00  -7.1513793e-01  -1.7642326e-01  -1.0126501e+00   1.2847309e+00  -5.7917717e-01  -2.1844777e+00  -1.8712908e-01  -3.9298728e-01   5.5049773e-01   3.9803081e-02
   2.0000000e+00   2.4328125e-01  -1.1163484e+00  -5.6909794e-01  -9.2351344e-03  -1.1072020e+00   1.0269136e+00   2.0261855e-01  -1.1696593e+00  -9.4538047e-01  -4.7975579e-01
   2.0000000e+00   1.5149942e-01  -1.6245654e-01  -9.2097948e-01  -7.4547723e-01  -1.1920241e+00   1.2433746e+00   5.1746638e-01   1.1185261e+00  -1.4746876e+00   1.1885946e+00
   2.0000000e+00   7.0552759e-01  -7.7413518e-01  -2.5548312e-01   2.5221588e-01  -2.0057333e+00   6.4014275e-01  -3.6312098e-01   1.4341331e+00   1.3291788e+00  -6.2411783e-01
   2.0000000e+00   1.6747737e+00   1.4565981e+00   1.3273170e-01  -3.0381534e-01   2.5603897e-02  -7.8145192e-01   2.4731041e-01  -5.6494629e-01   9.5645437e-01   5.3672369e-01
   2.0000000e+00   3.2120024e-01  -4.2463586e-01   2.9024799e-01   1.0978200e+00   1.7871166e+00   1.2310920e+00   9.6072295e-01   4.8091952e-01  -9.5957218e-01  -1.4199127e+00
   1.0000000e+00  -1.3603085e+00   1.1646098e+00   1.9973915e+00  -4.3988881e-02  -1.9114350e-01   7.8543845e-01  -1.4002767e+00   1.5306034e+00   4.8347662e-01   7.5627195e-01
   2.0000000e+00  -1.1073791e+00   6.6615812e-02   2.9968590e-02  -8.1917009e-01  -1.0491874e+00   7.9399434e-01  -3.0167406e-02  -7.9156191e-01  -1.5460479e-01   9.7248824e-01
   1.0000000e+00  -1.0589423e+00   3.3299199e-01  -1.8097747e+00   3.9189690e-01   6.1577930e-02  -4.3641629e-01   1.0817124e+00  -1.9376980e+00   1.8651182e-01   8.1225580e-01
   2.0000000e+00   4.6391426e-02   8.0708290e-01   1.0323094e+00   4.1877116e-01  -1.2913204e-01  -1.7432075e-01  -1.7341854e-01  -4.8116827e-01  -9.6903473e-01   6.9683780e-01
   2.0000000e+00  -1.0045342e+00   1.1041235e-01  -2.7907566e-01   1.9710865e-01   9.9704898e-01  -2.1970612e+00  -2.1584573e-01  -8.0052573e-01   9.3984343e-01  -7.7170471e-01
   2.0000000e+00  -1.8132074e+00   9.5191852e-02  -3.8510677e-01  -9.8277710e-01  -4.9242741e-01  -1.0237278e-02   8.5567824e-01   1.4549817e+00  -7.1939088e-01   5.6296404e-01
   2.0000000e+00   1.7099999e+00   9.9194532e-01   3.6942161e-01   1.2595812e+00   5.8403808e-03   5.6774052e-01   8.9373522e-01  -1.1910026e-01   5.7506040e-01  -8.8764663e-01
   2.0000000e+00  -1.1802528e+00   9.5424859e-01   9.5730577e-01  -5.5251750e-04  -1.0869909e+00  -8.7966103e-01   2.0003791e-01  -2.1121208e+00  -1.1223032e+00   1.1781061e+00
   2.0000000e+00  -5.3379947e-01  -6.8799617e-01  -1.1516151e-01   4.0675713e-01  -1.6329790e+00  -6.1315726e-01   1.0491378e+00   2.5073351e-01   1.6081411e+00   6.3512580e-01
   2.0000000e+00  -1.3702352e+00  -1.0143919e+00   3.8263643e-01  -1.0111653e+00   1.4121764e+00  -1.5101210e+00   1.0563361e-01  -2.1361279e+00  -1.7591250e+00  -1.1482270e+00
   2.0000000e+00   1.0182894e-01  -1.0168293e+00   1.0223146e+00  -5.0147133e-01   3.8236444e-01   1.2906464e+00  -1.3577687e+00   1.2855344e-01  -1.8512727e+00  -4.9125312e-01
   1.0000000e+00  -1.1918294e+00  -6.3356728e-01  -3.2158260e-01   6.9850482e-01  -7.5008073e-01  -1.7245216e+00  -1.6400944e-01   3.5374837e-01   2.2294190e-01  -5.1110946e-01
   2.0000000e+00  -1.8328124e-01  -1.6220095e+00  -3.8289634e-01  -2.0434256e-01   5.4553346e-01  -3.8374092e-01   2.4992193e+00   3.1768588e-01  -1.2297244e+00   8.6923228e-02
   2.0000000e+00  -1.1459723e+00  -6.7061321e-01  -2.4630694e-01   2.2881317e-01   5.1584284e-01   1.3316208e+00   4.0997373e-01  -2.6590286e-01  -6.2168043e-03  -5.2781139e-01
   2.0000000e+00   7.0498148e-01   2.3966704e+00  -1.3006185e+00  -1.0007073e+00   1.6065425e+00  -2.4837631e-01   1.0114146e-01  -1.2569273e+00   1.0606546e-01  -5.3785762e-01
   2.0000000e+00   1.2049628e-01  -1.0105205e+00   2.0589089e+00  -1.0318125e+00  -6.2432386e-01   1.6260673e+00   9.1473730e-02   5.4209486e-02   2.1700072e+00  -1.9877786e+00
   2.0000000e+00  -1.1746370e+00  -1.8362529e-01  -1.5043806e+00  -1.4114492e-01   6.6230618e-01  -9.3149307e-01   9.6282145e-01  -1.3032073e+00  -3.9593960e-01   9.5027439e-01
   2.0000000e+00  -4.0903195e-02  -4.8726615e-01  -2.4926634e-01   1.3434391e+00   1.0876734e+00  -2.6836234e+00   2.0125041e-01  -7.5162731e-01   2.4521941e-02   7.3243953e-02
   2.0000000e+00   2.4740712e+00  -9.8419987e-01  -2.7231536e-01   1.7048376e+00   1.0804767e+00   1.5255293e-01   7.5626097e-01   1.3724682e-01   1.2187501e+00  -1.5746045e-01
   2.0000000e+00   2.6782027e-01  -2.9265782e-02   2.1938477e+00  -9.0172371e-01  -1.1996867e+00   7.4481703e-01   4.2613650e-01  -3.8140962e-01  -2.8093243e-01  -1.3434885e+00
   1.0000000e+00  -9.4865176e-01  -1.6400240e+00  -5.0968008e-02  -1.3852731e-01   1.9174622e-01   1.3607078e+00   7.4328631e-01   3.8448538e-01   1.3253559e-02   1.6775359e-01
   2.0000000e+00   4.9460896e-01  -8.7022326e-01  -1.0420774e+00   1.4431084e+00   2.6870799e-01  -1.6272062e+00  -1.4347338e+00  -1.2466125e-01   9.5759982e-01  -1.4093157e+00
   2.0000000e+00  -2.6728779e-01  -1.5372859e+00   1.2609542e+00  -9.8149093e-01  -4.5463645e-02  -1.8009548e-01  -1.2334931e-02   1.1082866e+00   4.7073338e-01   1.1286308e+00
   2.0000000e+00  -1.4159060e+00  -5.4579870e-01   5.1719088e-01   6.0975257e-01   2.7419122e-01   1.5263696e-02   1.6222311e+00   2.0838378e+00  -6.5938730e-01  -3.8743154e-01
   2.0000000e+00  -1.0315974e+00   9.8059758e-01  -3.7235077e-01  -8.9577026e-01  -1.0334638e-01   9.1433136e-01  -8.3850043e-01   1.6664939e+00   9.4769092e-01  -5.3212830e-01
   2.0000000e+00  -8.2403851e-02  -1.1643053e+00  -1.1496231e+00   1.1159495e+00  -4.4078236e-01   7.9851710e-02  -3.3092695e-01  -9.3235684e-01   2.4693041e-01  -1.3286805e-01
   2.0000000e+00  -1.1416363e+00   2.2340456e+00  -1.3085726e+00  -1.6445613e+00   5.7549398e-01   9.0662003e-01   1.1158276e+00   2.2134354e+00   3.9832501e-01  -6.5558729e-01
   2.0000000e+00  -1.6517239e+00  -1.9001371e-01   1.0974895e+00   1.4016222e+00  -5.7391503e-01  -3.1232181e-01  -1.4516839e+00  -2.0115007e+00   1.3134912e-01  -1.8511384e+00
   2.0000000e+00  -3.4284848e-01   1.1791698e+00   1.0472703e-01  -1.7892431e+00  -9.2553583e-01   2.6163301e-01   7.4030428e-01   4.7585660e-01   4.3780008e-02  -9.2792211e-01
   2.0000000e+00  -7.4366508e-01  -1.9156032e+00  -1.7922461e+00  -6.4212425e-01  -2.5053262e-01  -1.1282465e+00  -1.1199577e+00   1.2183454e+00   7.8709533e-01   1.3345271e+00
   2.0000000e+00  -9.6965570e-01  -1.0822640e+00   7.4080028e-01   2.1112632e+00  -1.3379080e-01   2.5427821e+00   2.4576234e-01   1.2822854e+00   2.1949871e-01  -7.1231535e-01
   2.0000000e+00   6.2260249e-02  -9.1299196e-01   5.1771226e-01  -1.8222452e+00  -2.6171506e-01   1.1037935e+00   5.7090816e-01   9.3761452e-01   1.0926739e+00   6.6416351e-01
   2.0000000e+00  -5.7994336e-01  -1.1742542e+00   1.6979601e-01   2.5351455e-01   6.3592442e-01  -6.2963533e-02  -2.0227422e+00  -2.6042363e+00  -6.3169394e-01   2.9412716e-02
   2.0000000e+00  -3.6894394e-01   8.0411783e-01   6.8659255e-01   1.1250225e+00   5.1728349e-01  -1.5232464e-01   4.0026862e-01   1.9504384e+00   1.6943839e+00   8.2575526e-01
   2.0000000e+00  -1.9145724e+00  -1.1370703e+00  -6.3980818e-01  -3.1257539e-01   9.6949328e-01  -1.0694327e+00   2.2330338e-01   5.7990886e-01   1.5585479e+00   1.3687931e-01
   2.0000000e+00  -1.0010726e-01   1.2816303e-01   8.8122644e-01   4.2627240e-01  -4.0678502e-01  -2.2836871e-01  -5.8788765e-01  -9.4532043e-01   1.3194045e+00  -8.8066720e-01
   2.0000000e+00   1.3184707e+00   1.1764388e-02  -6.1436652e-01  -2.3357802e-01  -4.4226011e-01  -1.2737559e-01  -1.6830048e+00  -1.0294278e+00  -5.9809012e-01  -4.1227970e-01
   2.0000000e+00  -1.6446076e+00   6.0539796e-01   7.3188568e-01  -8.6365718e-01   9.4272262e-01   6.8493556e-01  -1.9110186e-01   9.8720526e-01  -1.4871108e+00   7.6787474e-01
   2.0000000e+00  -1.7631987e+00   7.0575371e-01  -3.4266979e-01  -1.3209289e+00  -8.8744509e-01  -3.0171354e+00  -2.9447153e-01   2.1127386e+00   1.7589854e+00   7.6360814e-01
   1.0000000e+00   1.3325368e+00   2.4808797e+00   7.7899919e-01   5.9283211e-01   6.7038975e-01  -2.9674556e-01  -8.0670875e-01   1.1837634e+00   5.1240983e-01   8.9225363e-01
   2.0000000e+00   1.0840787e+00  -1.7112844e+00  -7.7027416e-01   1.9284742e-01  -2.6966972e-01   1.0094971e+00  -2.3464263e-01   2.4475496e+00   1.8276439e+00   4.6886245e-01
   2.0000000e+00  -1.6765860e+00   7.9549020e-01   8.1830102e-01  -1.9232624e+00   9.2331523e-01   1.4893104e-01  -1.2668361e+00  -3.1366457e-01  -4.8839383e-01  -2.2007193e-01
